372
237
8
148
160
385
156
212
244
140
180
252
77
85
97
117
93
228
338
206
340
490
133
261
70
381
198
323
39
442
161
292
98
419
221
356
23
482
149
276
86
402
210
331
55
466
173
312
110
434
240
363
9
493
129
261
66
386
199
326
42
443
164
295
101
420
224
357
26
485
141
279
78
405
207
334
58
467
176
313
113
437
249
366
4
493
136
264
73
381
189
319
31
450
164
284
101
410
226
347
15
474
152
268
89
394
213
341
47
458
178
300
115
426
242
366
10
494
132
267
69
389
200
326
42
443
165
295
102
421
229
358
26
485
154
279
91
405
216
342
58
467
181
313
118
437
242
373
5
497
132
260
69
389
192
324
34
453
168
287
105
413
232
350
19
477
144
271
81
397
208
336
50
461
184
303
121
429
245
367
2
491
136
256
73
380
192
324
34
453
158
287
95
413
226
350
18
477
154
271
91
397
216
344
50
461
178
303
115
429
250
370
12
497
130
267
67
391
201
322
43
444
168
296
105
422
232
360
18
483
146
272
83
407
210
336
56
470
184
304
121
439
240
374
2
502
134
265
71
381
194
323
46
454
158
288
95
415
224
352
27
478
152
269
89
399
218
345
51
462
176
307
113
427
242
376
8
503
130
261
67
392
204
322
40
442
170
299
107
425
233
361
16
483
154
269
91
408
219
340
59
473
178
314
115
440
241
364
6
495
129
259
66
387
195
320
46
457
171
291
108
416
236
353
30
481
153
268
90
400
214
346
54
465
185
301
122
427
241
370
4
495
128
265
65
393
190
320
44
451
166
285
103
411
230
348
16
475
153
270
90
395
220
344
48
459
188
307
125
426
248
368
1
491
128
259
65
391
196
319
44
457
172
289
109
417
236
354
15
481
150
271
87
401
218
343
54
465
182
305
119
428
238
368
2
490
131
257
68
390
194
318
40
455
170
289
107
415
234
352
24
479
150
280
87
399
217
339
52
463
188
305
125
430
248
372
3
503
131
257
68
387
193
318
39
455
169
288
106
414
234
351
17
479
149
269
86
398
214
340
52
463
186
301
123
432
238
364
3
494
137
256
74
380
190
321
43
451
166
285
103
411
230
348
30
475
146
283
83
395
206
334
48
459
186
300
123
429
246
376
12
504
138
260
75
380
189
322
41
450
158
284
95
410
226
347
28
474
151
277
88
394
213
343
47
458
177
304
114
427
237
363
7
492
127
264
64
386
198
317
42
445
165
293
102
419
229
356
28
482
144
270
81
403
205
336
56
466
182
312
119
435
246
375
1
502
138
266
75
383
193
320
40
454
157
289
94
414
225
351
24
478
152
283
89
398
217
342
51
462
177
302
114
432
239
367
7
493
130
258
67
390
204
321
45
443
169
299
106
425
233
362
23
484
150
281
87
409
215
341
61
473
181
315
118
441
240
371
6
505
131
259
68
388
191
320
41
452
167
286
104
412
231
349
18
476
153
281
90
396
215
339
49
460
185
303
122
428
238
365
5
491
130
257
67
389
191
318
46
453
167
287
104
413
232
350
16
477
146
277
83
397
210
335
50
461
183
301
120
427
250
365
3
496
134
258
71
383
190
321
40
451
162
285
99
411
225
348
17
475
151
276
88
395
214
346
48
459
174
306
111
428
245
364
11
492
127
257
64
387
202
317
44
443
166
297
103
423
230
360
27
487
145
280
82
407
209
335
61
471
184
313
121
439
241
375
1
503
133
258
70
379
196
317
45
456
162
289
99
417
222
354
16
480
150
278
87
401
220
342
53
464
174
302
111
431
247
371
10
503
131
256
68
393
202
317
32
445
172
297
109
423
235
359
25
488
145
279
82
409
215
345
55
471
182
313
119
438
239
369
6
497
127
258
64
388
191
318
32
452
167
293
104
412
231
349
26
476
142
277
79
403
219
339
49
467
187
307
124
435
249
375
1
491
127
267
64
392
195
316
31
457
171
292
108
416
235
353
17
481
142
282
79
402
209
332
54
470
183
301
120
434
248
365
2
495
137
265
74
380
190
316
41
451
161
296
98
411
222
348
24
475
151
278
88
408
214
343
48
473
173
305
110
438
238
374
12
505
138
266
75
382
197
316
39
455
166
294
103
418
230
355
29
485
149
269
86
396
217
332
57
460
187
315
124
436
250
373
9
502
126
265
63
387
193
316
33
456
169
286
106
414
221
351
15
479
141
283
78
404
206
331
52
473
175
306
112
426
250
369
0
496
135
266
72
379
196
319
44
452
163
288
100
417
223
354
17
481
143
270
80
404
208
333
53
467
176
302
113
437
249
371
7
504
135
264
72
381
197
325
34
442
164
295
101
418
224
355
25
483
144
277
81
403
207
334
57
465
174
312
111
435
239
378
10
505
134
255
71
383
201
326
32
444
162
293
99
422
222
359
30
484
142
281
79
409
205
332
60
459
177
314
114
441
237
378
11
505
138
266
75
382
200
324
45
445
163
298
100
421
225
358
24
483
151
282
88
400
220
346
60
463
175
315
112
436
239
364
11
492
126
259
63
390
199
321
41
445
172
295
109
420
234
357
28
484
145
278
82
395
208
335
56
464
182
300
119
440
240
368
0
490
137
255
74
379
191
325
33
450
162
285
99
412
223
349
29
476
143
276
80
404
209
333
49
466
174
305
111
435
246
365
11
495
135
254
72
382
197
322
42
444
163
299
100
418
222
355
25
482
152
268
89
398
215
342
57
460
175
306
112
438
247
363
12
496
126
255
63
393
203
316
32
455
167
293
104
424
231
362
23
484
142
281
79
401
205
332
56
458
186
302
123
441
246
375
0
492
134
255
71
382
189
324
43
456
161
286
98
410
223
347
28
474
143
270
80
403
208
333
47
471
173
303
110
436
247
377
7
493
135
253
72
383
200
325
33
452
163
297
100
421
221
358
29
479
141
282
78
396
213
339
57
463
175
304
112
431
245
374
13
494
126
267
63
388
203
323
45
453
165
298
102
424
229
355
25
478
143
271
80
394
205
331
55
464
183
306
120
428
247
377
0
496
126
253
63
379
193
325
31
454
169
292
106
414
231
351
26
476
144
278
81
404
207
333
52
471
181
307
118
434
248
377
13
497
133
253
70
379
197
326
46
456
164
297
101
418
223
349
27
398
126
279
63
429
217
334
53
386
176
298
113
423
224
371
10
402
129
253
66
438
202
316
29
244
243
244
212
211
212
156
155
156
385
384
385
160
159
160
338
337
338
228
227
228
93
92
93
117
116
117
97
96
97
85
84
85
77
76
77
252
251
252
180
179
180
148
147
148
14
14
14
38
38
22
36
36
58
35
35
37
14
13
22
20
328
275
263
263
291
291
291
449
472
472
472
472
489
485
501
500
500
500
447
263
263
311
311
311
447
447
447
470
499
499
499
499
499
390
296
487
487
486
486
487
486
486
446
446
446
446
406
406
406
406
407
480
480
468
468
468
468
468
448
448
448
448
311
294
294
298
262
262
274
274
273
254
254
290
290
290
308
310
310
61
61
62
62
62
330
501
501
432
432
433
433
433
330
329
328
327
140
139
140
330
328
329
327
22
308
20
22
13
37
35
58
38
62
328
330
310
480
407
489
498
500
433
308
290
254
273
274
262
294
448
469
206
340
180
252
77
85
97
117
93
228
338
148
160
385
156
212
244
140
417
219
440
136
361
439
378
424
73
366
171
359
405
195
128
192
353
204
183
168
392
216
362
170
400
357
199
420
235
399
94
369
187
391
108
344
350
198
105
419
356
201
218
360
367
203
157
124
65
69
233
373
107
345
396
122
185
415
125
372
188
422
8
376
408
194
370
4
132
425
236
352
315
314
449
449
308
308
273
273
274
274
469
469
489
489
498
498
19
20
20
19
21
21
21
21
0
9
6
3
36
37
35
37
5
18
0
30
49
50
33
51
38
53
54
34
59
60
60
59
330
329
328
327
120
232
121
184
309
309
477
504
460
461
436
388
412
397
488
488
500
501
437
389
416
413
430
431
431
430
310
309
284
299
286
287
280
253
282
253
272
272
275
275
260
262
260
261
283
341
377
343
462
464
457
465
219
440
136
361
439
378
424
73
366
168
392
171
216
362
170
400
357
199
420
235
399
94
359
369
187
391
108
344
198
105
419
356
201
405
218
360
367
203
157
124
65
69
233
373
195
107
345
122
185
415
125
372
188
422
8
128
376
408
194
370
4
132
425
236
352
192
353
204
147
159
384
155
211
243
139
179
251
76
84
96
116
92
227
337
148
160
385
156
212
244
140
180
252
77
85
97
117
93
228
338
147
159
384
155
211
243
139
179
251
76
84
96
116
92
227
337
147
159
384
155
211
243
139
179
251
76
84
96
116
92
227
337
